['Step', 'FENEBond', 'AngleForce', 'SelfAvoidance', 'CustomTypes', 'IdealChromosome']
400000,55388.076,2786.627,539.061,-3853.915,-998.552
401000,55405.151,2816.149,495.343,-3816.510,-1013.349
402000,55430.633,2836.486,537.450,-3824.581,-986.906
403000,55369.318,2850.375,528.758,-3820.365,-1004.287
404000,55417.507,2925.912,451.845,-3764.990,-1003.818
405000,55308.756,2893.108,528.802,-3859.738,-1048.268
406000,55411.446,2905.134,568.281,-3820.800,-1030.145
407000,55380.470,2897.700,556.393,-3818.359,-1043.538
408000,55341.303,2886.058,500.783,-3766.125,-1020.524
409000,55372.979,2922.852,587.218,-3891.716,-1031.241
410000,55388.154,2872.716,559.689,-3855.919,-1016.158
411000,55448.116,2810.643,468.903,-3781.808,-999.657
412000,55315.140,2939.373,556.630,-3901.411,-1035.529
413000,55389.056,2923.776,580.711,-3937.456,-1072.888
414000,55394.976,2815.868,632.205,-3903.469,-1036.967
415000,55361.612,2799.542,552.719,-3894.973,-1006.744
416000,55330.715,2847.241,505.688,-3804.519,-990.958
417000,55388.220,2883.741,589.485,-3908.196,-1045.128
418000,55427.250,2904.880,613.845,-3967.005,-1010.004
419000,55439.438,2890.027,558.912,-3924.277,-1017.619
420000,55389.416,2836.145,499.076,-3737.643,-1003.067
421000,55354.987,2886.641,671.152,-3914.747,-1051.454
422000,55473.566,2902.685,572.791,-3904.170,-1023.846
423000,55383.043,2839.652,559.099,-3857.183,-993.766
424000,55383.871,2833.278,536.146,-3845.267,-996.598
425000,55353.266,2862.618,538.228,-3799.062,-986.044
426000,55363.694,2864.269,540.229,-3881.149,-1008.819
427000,55379.308,2906.917,593.210,-3800.151,-1004.770
428000,55423.690,2880.285,647.186,-3927.632,-1013.262
429000,55358.017,2815.025,618.287,-3972.214,-1006.394
430000,55415.759,2854.276,496.716,-3823.220,-1021.729
431000,55372.691,2907.967,519.979,-3794.413,-1008.178
432000,55411.045,2853.968,572.907,-3878.896,-1030.508
433000,55349.604,2833.584,610.194,-3904.213,-1003.878
434000,55445.736,2882.204,541.631,-3887.176,-1029.203
435000,55383.205,2831.111,532.479,-3886.604,-976.016
436000,55409.778,2887.082,590.647,-3907.008,-1016.921
437000,55440.222,2910.355,564.384,-3906.019,-1008.113
438000,55433.961,2829.647,502.026,-3830.754,-1012.669
439000,55456.264,2845.232,535.818,-3851.365,-1008.395
440000,55467.188,2878.235,603.703,-3922.585,-1028.226
441000,55459.995,2907.363,609.020,-3830.446,-1028.092
442000,55355.061,2922.976,563.472,-3872.332,-1040.285
443000,55368.746,2874.518,607.678,-3888.599,-1009.655
444000,55391.730,2932.889,575.221,-3944.706,-1060.116
445000,55407.582,2849.767,546.172,-3846.671,-994.606
446000,55369.676,2898.273,499.071,-3831.879,-1025.804
447000,55411.141,2872.039,498.185,-3881.906,-1003.341
448000,55295.576,2823.338,530.847,-3806.724,-1019.165
449000,55301.260,2915.673,571.506,-3939.712,-1062.976
450000,55323.123,2907.749,532.758,-3851.838,-1051.860
451000,55409.030,2854.273,521.700,-3864.014,-1022.386
452000,55390.920,2896.359,607.366,-3900.975,-1068.488
453000,55405.446,2858.026,506.847,-3809.040,-1013.852
454000,55338.928,2867.643,526.874,-3827.818,-1009.096
455000,55426.001,2886.392,612.414,-3970.268,-1046.822
456000,55359.613,2850.751,551.971,-3843.913,-1004.591
457000,55434.756,2845.319,421.869,-3745.734,-1001.383
458000,55391.157,2866.757,556.315,-3845.318,-1030.096
459000,55421.991,2872.947,602.751,-3840.075,-1015.552
460000,55368.042,2802.144,545.445,-3748.138,-978.408
461000,55380.029,2846.787,606.298,-3823.440,-1003.038
462000,55386.765,2861.646,578.077,-3809.199,-1005.584
463000,55433.582,2773.385,492.693,-3762.944,-959.997
464000,55452.757,2826.098,449.484,-3674.078,-952.285
465000,55428.303,2885.760,610.074,-3901.484,-1037.853
466000,55382.411,2830.697,570.206,-3881.013,-1011.918
467000,55436.818,2850.691,531.138,-3815.942,-1013.516
468000,55433.141,2857.453,600.667,-3823.222,-1029.583
469000,55389.209,2893.474,576.469,-3899.991,-1055.993
470000,55393.173,2891.677,573.045,-3922.365,-1041.416
471000,55415.058,2879.387,574.774,-3935.869,-1032.012
472000,55356.517,2873.727,491.689,-3815.934,-1013.889
473000,55480.691,2864.957,567.969,-3865.658,-1011.248
474000,55424.494,2855.378,510.565,-3895.712,-1006.535
475000,55406.983,2874.295,570.860,-3900.573,-1044.028
476000,55417.149,2823.204,487.985,-3811.182,-993.216
477000,55462.214,2857.871,572.546,-3927.806,-1012.377
478000,55382.429,2877.340,527.047,-3841.102,-1013.216
479000,55394.216,2808.215,463.227,-3739.529,-971.993
480000,55361.727,2847.208,573.501,-3879.234,-1015.761
481000,55369.931,2877.153,550.321,-3869.037,-1045.632
482000,55366.986,2886.712,489.816,-3861.885,-1030.937
483000,55333.424,2926.018,578.463,-3904.238,-1040.807
484000,55446.217,2870.579,556.098,-3950.139,-1016.815
485000,55410.308,2888.984,520.926,-3836.309,-1019.258
486000,55436.408,2864.908,506.018,-3798.083,-984.556
487000,55448.065,2825.483,507.473,-3789.677,-970.306
488000,55416.212,2849.593,533.379,-3859.454,-1007.915
489000,55413.044,2844.110,582.892,-3904.854,-1011.772
490000,55343.261,2853.854,497.857,-3783.534,-994.305
491000,55370.173,2828.818,523.593,-3904.322,-1003.994
492000,55412.332,2862.616,566.365,-3910.681,-1003.784
493000,55384.118,2846.320,464.574,-3887.377,-994.402
494000,55371.413,2848.757,573.838,-3898.446,-1013.338
495000,55346.705,2837.356,487.619,-3850.328,-1004.247
496000,55367.337,2874.787,601.030,-3870.631,-1015.777
497000,55364.035,2853.379,497.030,-3843.288,-1019.654
498000,55404.179,2803.364,580.315,-3958.791,-1028.129
499000,55333.443,2849.485,504.034,-3829.260,-1000.693
500000,55462.302,2915.473,492.164,-3837.022,-1022.334
501000,55333.116,2880.977,525.943,-3721.607,-1002.693
502000,55428.884,2882.963,593.265,-3832.402,-1003.917
503000,55349.897,2854.483,559.384,-3842.303,-1012.638
504000,55356.305,2873.281,500.780,-3819.821,-1010.186
505000,55345.837,2891.365,568.449,-3886.337,-1023.675
506000,55388.576,2861.492,496.083,-3844.685,-1005.651
507000,55411.036,2864.463,556.465,-3812.134,-1013.503
508000,55386.984,2820.950,506.422,-3867.326,-1016.135
509000,55383.735,2921.884,590.831,-3956.297,-1044.473
510000,55344.772,2892.908,561.138,-3924.691,-1025.521
511000,55385.654,2847.453,535.931,-3898.868,-1016.914
512000,55345.589,2887.774,515.186,-3847.983,-1016.409
513000,55435.841,2871.323,506.391,-3790.271,-1030.415
514000,55409.515,2949.671,584.979,-3923.487,-1081.724
515000,55336.376,2890.510,522.296,-3871.829,-1056.999
516000,55393.761,2923.230,521.525,-3875.158,-1080.429
517000,55346.945,2922.035,510.150,-3947.715,-1067.832
518000,55351.874,2898.203,532.837,-3974.965,-1057.729
519000,55386.103,2858.885,499.710,-3892.893,-1036.047
520000,55406.835,2875.933,599.934,-3911.391,-1061.663
521000,55352.373,2886.874,533.663,-3847.391,-1043.924
522000,55435.366,2876.274,549.851,-3878.665,-1023.034
523000,55470.822,2891.940,656.422,-3967.666,-1045.571
524000,55309.460,2852.393,538.882,-3793.792,-1029.401
525000,55411.449,2907.547,501.293,-3845.030,-1051.950
526000,55383.080,2935.091,573.929,-3914.590,-1062.292
527000,55385.748,2903.317,515.384,-3909.952,-1042.494
528000,55389.171,2865.068,607.861,-3933.861,-1041.122
529000,55421.772,2863.148,521.277,-3849.170,-1021.033
530000,55351.981,2835.778,564.267,-3863.908,-1015.716
531000,55369.852,2864.494,527.478,-3847.808,-1031.280
532000,55413.903,2876.705,528.734,-3874.148,-1048.376
533000,55356.499,2901.573,622.533,-3898.257,-1047.468
534000,55398.107,2895.129,616.527,-3901.776,-1040.614
535000,55393.226,2902.179,507.023,-3890.805,-1070.806
536000,55341.019,2879.059,510.908,-3854.894,-1067.615
537000,55423.075,2869.143,553.377,-3759.574,-1048.982
538000,55354.178,2961.661,534.006,-3818.075,-1063.823
539000,55400.782,2955.160,566.689,-3939.549,-1081.469
540000,55331.266,2847.093,533.614,-3921.315,-1068.541
541000,55368.804,2899.697,559.342,-3913.934,-1050.172
542000,55370.892,2944.923,560.942,-3806.721,-1028.281
543000,55411.197,2871.819,498.957,-3798.940,-1036.281
544000,55401.242,2885.010,533.151,-3903.386,-1071.133
545000,55396.253,2870.782,545.798,-3782.890,-1021.177
546000,55374.481,2879.952,519.797,-3689.584,-1009.487
547000,55447.660,2872.079,535.902,-3768.365,-1024.411
548000,55405.282,2861.718,588.355,-3811.762,-1000.186
549000,55362.608,2901.989,531.710,-3838.700,-1045.791
550000,55351.585,2926.866,566.570,-3923.252,-1061.396
551000,55486.724,2875.119,604.093,-3930.065,-1037.174
552000,55419.383,2865.794,517.569,-3867.625,-1021.193
553000,55426.198,2858.462,546.900,-3828.978,-1028.193
554000,55358.188,2849.058,505.680,-3734.030,-1006.170
555000,55344.672,2864.430,487.647,-3802.719,-1036.338
556000,55412.096,2818.971,506.049,-3836.829,-1026.263
557000,55393.826,2861.669,492.202,-3774.978,-1010.336
558000,55398.447,2872.413,507.470,-3771.989,-1020.554
559000,55412.917,2916.440,531.901,-3808.765,-1047.217
560000,55378.819,2924.379,555.633,-3763.840,-1035.680
561000,55402.549,2872.232,547.565,-3771.079,-1041.697
562000,55393.095,2878.400,587.823,-3794.350,-1026.719
563000,55410.035,2885.296,565.306,-3899.008,-1037.243
564000,55434.649,2892.488,547.608,-3965.112,-1053.456
565000,55409.926,2882.098,532.317,-3857.936,-1041.456
566000,55331.360,2923.467,575.904,-3884.014,-1055.097
567000,55427.994,2856.511,534.712,-3856.547,-1016.323
568000,55413.567,2902.031,567.622,-3817.438,-1010.708
569000,55404.460,2879.182,602.063,-3836.257,-1025.396
570000,55397.632,2868.486,534.009,-3844.131,-1019.298
571000,55420.420,2867.310,497.223,-3846.565,-1022.582
572000,55375.235,2823.377,522.591,-3790.684,-972.670
573000,55442.516,2825.009,573.900,-3819.236,-985.952
574000,55386.805,2827.598,490.965,-3735.371,-989.212
575000,55372.846,2885.051,558.911,-3854.007,-1005.188
576000,55372.253,2863.261,648.760,-3869.579,-988.116
577000,55396.839,2867.674,558.674,-3836.887,-990.418
578000,55360.293,2854.151,573.738,-3885.490,-1013.331
579000,55390.455,2832.565,526.949,-3834.337,-976.015
580000,55357.136,2891.060,516.533,-3820.349,-1008.449
581000,55407.630,2871.168,508.842,-3795.097,-1011.152
582000,55379.255,2914.127,551.460,-3836.164,-1021.508
583000,55394.443,2878.398,549.907,-3877.051,-1033.214
584000,55404.862,2864.990,523.069,-3882.687,-1019.222
585000,55444.138,2896.040,541.065,-3906.853,-1018.723
586000,55382.308,2854.545,567.400,-3923.523,-1041.399
587000,55364.844,2899.305,586.163,-3880.705,-1017.252
588000,55375.394,2876.964,536.905,-3890.464,-1030.696
589000,55434.314,2883.094,573.023,-3935.181,-1025.415
590000,55428.892,2880.360,550.974,-3840.650,-1024.636
591000,55388.402,2908.482,598.259,-3840.550,-1038.529
592000,55425.172,2863.449,524.021,-3778.757,-1029.692
593000,55387.886,2923.157,494.115,-3779.250,-1028.666
594000,55357.698,2916.762,611.676,-3977.796,-1055.083
595000,55308.132,2847.405,596.017,-3896.574,-1029.035
596000,55307.855,2884.902,558.824,-3906.968,-1052.154
597000,55409.406,2909.698,545.157,-3837.793,-1050.557
598000,55425.967,2891.001,565.876,-3896.451,-1050.871
599000,55420.794,2857.757,551.144,-3871.222,-1037.266
600000,55392.748,2872.004,492.799,-3889.895,-1042.161
601000,55400.835,2852.757,517.776,-3813.021,-1000.923
602000,55344.629,2867.343,616.559,-3905.649,-1030.528
603000,55398.220,2864.994,575.025,-3917.480,-1044.087
604000,55374.661,2809.438,591.105,-3774.766,-994.124
605000,55434.739,2823.168,547.871,-3865.766,-1032.638
606000,55348.347,2884.803,530.114,-3927.095,-1039.261
607000,55361.543,2834.484,563.072,-3827.991,-1020.258
608000,55331.981,2846.803,546.253,-3865.015,-1027.904
609000,55375.780,2786.233,510.638,-3896.109,-1014.016
610000,55384.626,2880.381,550.547,-3895.638,-1040.909
611000,55381.854,2867.387,505.917,-3911.536,-1035.803
612000,55404.480,2859.980,565.450,-3926.050,-1012.457
613000,55411.288,2873.283,604.277,-3948.361,-1018.357
614000,55443.029,2779.073,582.806,-3910.550,-979.045
615000,55413.242,2816.067,525.885,-3829.279,-974.005
616000,55385.087,2867.336,500.472,-3808.096,-1000.448
617000,55338.939,2851.259,552.085,-3994.529,-1051.598
618000,55371.500,2892.563,601.839,-3979.138,-1038.436
619000,55417.728,2835.705,545.216,-3937.542,-997.211
620000,55418.863,2830.320,556.574,-3903.647,-981.847
621000,55300.069,2899.527,538.152,-3932.864,-1028.707
622000,55390.761,2807.048,487.790,-3895.053,-995.716
623000,55393.870,2869.889,504.251,-3875.728,-1039.000
624000,55402.949,2949.481,548.057,-3877.175,-1046.130
625000,55418.424,2872.854,495.571,-3803.795,-1023.945
626000,55374.767,2912.198,552.219,-3832.424,-1039.223
627000,55328.181,2895.790,499.328,-3816.762,-1033.332
628000,55428.378,2944.899,561.463,-4006.079,-1098.693
629000,55317.475,2886.012,553.822,-3917.515,-1059.250
630000,55417.359,2869.210,603.184,-3895.563,-1024.855
631000,55400.382,2888.939,498.678,-3893.441,-1048.634
632000,55369.836,2946.307,541.632,-3832.287,-1061.818
633000,55350.753,2915.220,505.488,-3813.550,-1040.464
634000,55400.744,2876.226,539.720,-3838.400,-1056.667
635000,55400.612,2917.169,583.652,-4011.192,-1078.067
636000,55385.559,2851.553,577.298,-3894.735,-1053.908
637000,55343.612,2843.413,560.149,-3887.616,-1017.454
638000,55299.889,2855.436,603.670,-3851.823,-1029.876
639000,55371.077,2815.875,588.689,-3808.169,-980.366
640000,55335.426,2822.097,493.173,-3783.671,-989.164
641000,55293.660,2878.374,615.610,-3845.370,-1012.799
642000,55374.162,2866.853,542.544,-3853.341,-1029.696
643000,55392.614,2890.772,611.378,-3873.649,-1041.417
644000,55443.297,2950.217,576.277,-3839.644,-1035.101
645000,55428.370,2903.185,546.191,-3844.924,-1006.442
646000,55357.036,2864.903,557.745,-3812.448,-1005.499
647000,55427.505,2859.524,582.013,-3778.135,-1022.581
648000,55416.356,2896.054,533.004,-3702.093,-1005.203
649000,55363.898,2885.201,514.218,-3767.546,-1016.546
650000,55380.471,2876.171,549.385,-3739.007,-1006.341
651000,55370.022,2890.942,594.586,-3840.711,-1031.217
652000,55422.600,2866.130,513.217,-3851.015,-1012.617
653000,55380.901,2867.124,508.280,-3855.974,-1042.158
654000,55386.764,2898.483,542.756,-3968.529,-1062.643
655000,55366.097,2860.699,586.971,-3911.045,-1051.175
656000,55392.823,2931.755,531.604,-3904.740,-1056.293
657000,55431.397,2897.173,565.078,-3877.792,-1045.892
658000,55331.699,2854.194,441.768,-3818.419,-1008.240
659000,55380.368,2893.956,580.046,-3907.823,-1049.781
660000,55386.909,2858.190,583.046,-3988.493,-1045.380
661000,55428.867,2828.917,548.602,-3980.240,-1042.461
662000,55438.010,2865.861,538.967,-3850.608,-1030.734
663000,55446.105,2830.776,535.463,-3844.845,-1011.376
664000,55440.350,2867.014,556.759,-3895.436,-1025.612
665000,55474.655,2877.367,533.562,-3895.920,-1024.080
666000,55407.517,2908.820,553.370,-3919.742,-1034.379
667000,55309.745,2896.435,590.479,-3877.107,-1028.108
668000,55352.331,2892.729,555.274,-3928.959,-1053.736
669000,55333.877,2871.957,635.545,-3917.768,-1043.215
670000,55443.672,2817.702,579.074,-3830.728,-1000.137
671000,55413.408,2936.515,603.868,-3884.986,-1084.447
672000,55402.114,2882.233,545.927,-3845.248,-1024.318
673000,55391.104,2867.993,554.463,-3760.189,-1008.013
674000,55403.985,2846.784,553.780,-3858.668,-1005.850
675000,55390.227,2899.661,543.940,-3876.813,-1049.362
676000,55395.760,2898.686,549.603,-3963.703,-1066.335
677000,55404.923,2902.689,511.483,-3876.674,-1018.308
678000,55413.753,2833.641,550.611,-3817.338,-1034.682
679000,55385.690,2926.285,576.691,-3892.838,-1062.090
680000,55381.486,2895.926,537.638,-3802.587,-1018.045
681000,55417.314,2901.183,514.706,-3794.091,-1029.151
682000,55397.717,2920.432,614.034,-3866.221,-1050.114
683000,55421.926,2879.834,524.619,-3734.610,-1034.592
684000,55439.188,2871.458,522.730,-3839.638,-1023.576
685000,55417.902,2863.818,588.388,-3888.832,-992.794
686000,55349.550,2853.174,482.165,-3834.567,-1014.055
687000,55349.924,2870.764,525.889,-3803.304,-1005.067
688000,55424.397,2859.465,570.584,-3862.966,-1012.488
689000,55330.822,2870.452,596.578,-3821.450,-1005.277
690000,55408.593,2827.548,530.092,-3837.461,-989.518
691000,55347.061,2832.643,539.600,-3900.494,-1005.434
692000,55435.649,2825.006,544.292,-3805.412,-1014.846
693000,55408.306,2897.569,587.717,-3901.894,-1042.163
694000,55388.972,2856.572,552.511,-3956.350,-1039.776
695000,55366.581,2857.749,567.698,-3933.805,-1036.947
696000,55414.573,2840.213,577.180,-3932.911,-1020.762
697000,55427.858,2812.356,485.775,-3807.812,-977.687
698000,55461.399,2828.767,520.406,-3777.962,-975.757
699000,55371.142,2831.887,482.576,-3890.705,-1011.701
700000,55421.696,2836.006,608.821,-3950.272,-983.004
701000,55413.101,2892.414,526.971,-3862.686,-1000.663
702000,55436.174,2844.856,523.622,-3856.253,-1018.779
703000,55382.109,2864.065,576.609,-3850.243,-1012.731
704000,55387.457,2859.708,531.918,-3808.682,-993.489
705000,55379.449,2884.263,582.977,-3823.776,-1022.234
706000,55357.075,2873.541,520.854,-3850.478,-1009.176
707000,55357.067,2821.484,512.677,-3800.978,-982.510
708000,55368.069,2855.366,550.810,-3866.725,-1030.195
709000,55359.744,2863.901,533.377,-3890.204,-1000.582
710000,55378.258,2826.281,546.209,-3818.518,-987.475
711000,55401.006,2905.404,557.798,-3886.679,-1013.298
712000,55440.614,2859.010,505.401,-3806.197,-973.917
713000,55382.666,2882.985,564.092,-3800.559,-985.488
714000,55386.654,2903.600,521.453,-3832.405,-1013.830
715000,55401.155,2902.921,536.135,-3908.440,-1023.098
716000,55391.510,2914.298,497.793,-3812.139,-1013.652
717000,55380.254,2840.515,512.976,-3827.613,-961.683
718000,55387.589,2875.627,488.118,-3866.402,-986.963
719000,55357.155,2822.666,511.635,-3882.102,-998.944
720000,55311.105,2834.337,530.470,-3849.085,-991.948
721000,55382.533,2889.905,538.624,-3866.744,-1019.401
722000,55353.609,2898.781,576.291,-3843.806,-1001.755
723000,55374.109,2828.789,521.886,-3783.541,-961.076
724000,55404.430,2848.760,490.731,-3780.572,-959.365
725000,55397.610,2845.391,571.875,-3866.732,-981.726
726000,55393.985,2926.284,580.796,-3775.997,-1013.013
727000,55439.843,2856.121,571.777,-3844.003,-1002.732
728000,55367.991,2847.218,496.240,-3836.614,-981.570
729000,55360.821,2872.745,528.018,-3848.984,-983.015
730000,55366.477,2838.884,547.979,-3885.892,-983.182
731000,55388.295,2840.415,528.130,-3855.437,-966.506
732000,55347.672,2870.505,584.009,-3940.515,-975.999
733000,55364.829,2895.368,559.942,-3915.080,-991.421
734000,55419.851,2818.698,515.971,-3824.680,-985.785
735000,55394.645,2855.380,484.819,-3894.500,-997.295
736000,55384.723,2844.681,527.825,-3837.651,-1009.307
737000,55438.586,2800.705,524.113,-3793.048,-969.266
738000,55370.901,2831.313,567.277,-3916.274,-983.887
739000,55407.020,2831.908,502.543,-3868.706,-983.306
740000,55371.966,2914.394,555.907,-3931.646,-1018.135
741000,55399.331,2889.952,558.640,-3905.350,-1021.111
742000,55389.533,2792.189,525.582,-3888.850,-989.444
743000,55419.609,2859.948,579.255,-4003.609,-1008.884
744000,55412.057,2796.480,553.424,-3899.729,-993.672
745000,55374.138,2855.165,534.015,-3791.793,-1008.693
746000,55457.091,2815.417,534.711,-3856.697,-996.858
747000,55383.914,2818.622,559.054,-3896.784,-987.017
748000,55437.507,2842.517,556.309,-3818.535,-978.956
749000,55284.251,2823.624,513.414,-3845.276,-962.613
750000,55440.502,2875.715,550.916,-3870.689,-991.902
751000,55391.914,2817.064,521.500,-3839.142,-974.254
752000,55366.970,2875.265,566.496,-3848.880,-1004.658
753000,55426.132,2881.733,573.137,-3871.489,-1032.273
754000,55374.524,2887.904,547.508,-3798.466,-1015.270
755000,55358.760,2920.276,578.254,-3793.196,-1025.132
756000,55367.066,2929.858,558.753,-3897.187,-1016.341
757000,55383.519,2892.899,591.801,-3909.663,-1029.482
758000,55365.269,2881.680,531.679,-3842.224,-1025.660
759000,55338.914,2824.341,495.144,-3777.241,-990.761
760000,55402.270,2840.515,563.883,-3879.496,-1025.156
761000,55433.984,2859.024,610.492,-3975.675,-1024.229
762000,55379.725,2826.021,537.170,-3897.333,-1005.756
763000,55327.649,2862.738,550.389,-3879.138,-1017.771
764000,55366.776,2841.098,524.371,-3846.808,-998.338
765000,55357.013,2897.600,644.772,-3968.119,-1022.361
766000,55378.174,2814.137,497.020,-3827.389,-992.138
767000,55443.410,2866.068,490.596,-3816.204,-1002.944
768000,55395.155,2835.487,499.710,-3883.676,-1002.242
769000,55378.268,2869.495,567.537,-3941.067,-1004.057
770000,55340.594,2875.524,580.984,-3822.975,-978.228
771000,55458.478,2848.993,513.313,-3767.447,-972.588
772000,55463.995,2886.427,603.288,-3841.259,-1002.867
773000,55420.404,2847.119,546.043,-3804.005,-987.939
774000,55368.998,2838.896,495.118,-3827.927,-996.080
775000,55353.713,2854.920,599.089,-3888.580,-1008.534
776000,55410.898,2837.356,556.122,-3850.865,-994.036
777000,55465.120,2853.932,552.094,-3962.288,-1008.480
778000,55353.975,2862.455,533.261,-3814.620,-1002.639
779000,55385.613,2828.034,564.252,-3864.165,-1000.195
780000,55354.348,2883.498,562.734,-3807.959,-1010.179
781000,55360.541,2858.374,660.492,-3873.157,-1002.947
782000,55416.415,2807.791,545.595,-3791.421,-992.030
783000,55468.237,2796.101,564.006,-3854.912,-993.655
784000,55381.746,2874.523,543.439,-3837.642,-993.894
785000,55439.142,2817.321,532.402,-3895.067,-973.507
786000,55424.803,2807.742,546.378,-3897.982,-969.108
787000,55402.949,2785.799,514.400,-3796.771,-932.818
788000,55386.827,2840.300,587.788,-3862.158,-965.767
789000,55344.856,2847.964,494.353,-3858.786,-994.302
790000,55373.992,2814.467,501.636,-3919.583,-985.097
791000,55406.755,2886.212,492.477,-3817.262,-981.807
792000,55398.793,2855.067,597.323,-3863.465,-980.640
793000,55378.935,2860.649,565.902,-3873.623,-1010.408
794000,55404.651,2842.426,587.674,-3844.217,-998.770
795000,55383.045,2807.274,554.282,-3826.447,-968.423
796000,55346.743,2872.831,574.337,-3867.206,-986.953
797000,55354.462,2809.979,578.108,-3848.474,-975.946
798000,55387.226,2787.322,577.270,-3887.994,-967.899
799000,55403.392,2854.260,521.863,-3790.618,-969.120
800000,55312.068,2890.578,563.618,-3857.930,-998.196
801000,55348.790,2852.253,575.344,-3841.306,-973.231
802000,55389.260,2853.585,541.187,-3765.219,-968.974
803000,55379.766,2795.585,525.862,-3792.858,-946.473
804000,55394.589,2852.842,547.831,-3759.654,-965.396
805000,55403.624,2885.848,513.775,-3780.407,-1009.698
806000,55352.253,2891.306,506.468,-3839.264,-1036.124
807000,55395.098,2856.151,520.837,-3842.553,-991.227
808000,55380.253,2887.698,568.552,-3847.297,-997.686
809000,55409.615,2789.979,477.693,-3782.758,-968.165
810000,55415.043,2856.299,517.343,-3841.020,-978.052
811000,55365.524,2848.791,538.750,-3840.410,-978.998
812000,55383.912,2889.421,528.043,-3831.787,-987.708
813000,55406.749,2884.202,474.609,-3818.300,-1002.801
814000,55411.048,2829.337,496.026,-3815.372,-994.942
815000,55347.194,2829.592,475.752,-3814.935,-969.624
816000,55334.884,2874.876,512.742,-3930.531,-1001.194
817000,55370.127,2842.643,559.227,-3899.632,-976.824
818000,55415.367,2817.329,438.727,-3724.221,-960.322
819000,55430.811,2851.415,544.977,-3803.889,-1022.527
820000,55428.040,2917.973,538.828,-3849.754,-1012.387
821000,55374.509,2903.799,587.537,-3853.616,-1035.806
822000,55426.351,2906.086,525.233,-3828.928,-1013.416
823000,55426.146,2875.396,548.464,-3739.636,-999.387
824000,55353.498,2902.955,589.054,-3865.867,-1028.130
825000,55384.054,2845.445,556.930,-3849.315,-1006.030
826000,55428.303,2908.773,554.309,-3825.108,-998.330
827000,55370.743,2797.964,518.379,-3838.032,-1004.943
828000,55353.496,2812.921,595.189,-3946.011,-1019.506
829000,55362.522,2764.643,538.453,-3864.889,-945.769
830000,55426.931,2775.529,558.785,-3860.367,-970.528
831000,55362.549,2835.004,534.001,-3822.556,-970.741
832000,55417.868,2815.077,516.324,-3836.950,-979.684
833000,55403.235,2877.047,548.453,-3858.716,-1013.145
834000,55396.092,2812.678,541.230,-3829.610,-981.082
835000,55469.245,2825.131,542.332,-3862.294,-975.922
836000,55459.100,2838.826,560.357,-3925.471,-984.116
837000,55401.218,2879.208,556.265,-3960.728,-1009.880
838000,55405.852,2887.045,504.881,-3923.916,-1005.349
839000,55315.667,2889.519,624.412,-3969.291,-1044.678
840000,55399.206,2833.279,546.438,-3839.295,-1003.709
841000,55371.459,2906.074,500.977,-3800.745,-999.248
842000,55353.884,2853.636,574.355,-3902.659,-1010.552
843000,55368.610,2845.475,523.347,-3953.157,-992.072
844000,55349.828,2810.558,580.458,-3935.100,-989.745
845000,55359.848,2806.827,493.102,-3808.547,-946.717
846000,55347.882,2820.164,456.358,-3774.510,-967.879
847000,55383.156,2848.473,489.362,-3901.853,-1002.640
848000,55434.970,2820.706,530.598,-3840.819,-1019.644
849000,55344.066,2894.991,556.949,-3910.083,-1013.286
850000,55359.137,2890.274,575.854,-3818.432,-993.420
851000,55387.175,2856.039,456.972,-3816.808,-979.350
852000,55362.613,2835.239,513.868,-3896.040,-1002.494
853000,55393.559,2871.758,581.727,-3905.358,-1024.847
854000,55382.914,2875.354,562.566,-3823.571,-1022.332
855000,55444.761,2926.322,551.944,-3939.912,-1039.706
856000,55378.800,2890.071,545.103,-3890.975,-1020.064
857000,55460.111,2891.625,534.902,-3799.680,-997.010
858000,55468.866,2795.840,490.171,-3798.859,-984.906
859000,55419.364,2838.121,561.364,-3931.140,-998.254
860000,55388.688,2828.485,504.967,-3881.560,-988.188
861000,55357.990,2789.562,549.060,-3815.313,-991.780
862000,55401.218,2905.701,587.540,-3954.706,-1035.191
863000,55378.017,2837.895,557.869,-3824.483,-964.721
864000,55363.049,2844.168,553.690,-3870.842,-1019.890
865000,55333.696,2897.040,517.023,-3855.440,-1031.421
866000,55432.813,2923.788,531.740,-3927.472,-1044.291
867000,55391.563,2923.126,513.843,-3870.749,-1035.934
868000,55346.146,2873.139,506.743,-3907.703,-1015.646
869000,55444.418,2870.027,593.252,-3951.444,-998.173
870000,55387.228,2902.201,492.781,-3843.044,-1007.838
871000,55366.433,2886.898,570.973,-3902.213,-1021.905
872000,55433.603,2884.369,537.424,-3862.074,-1031.839
873000,55378.501,2928.495,610.895,-3890.210,-1024.519
874000,55366.776,2850.107,533.361,-3933.103,-1020.149
875000,55357.726,2807.391,562.210,-3932.985,-1017.780
876000,55393.067,2883.397,581.503,-3941.067,-1018.045
877000,55371.168,2881.703,627.812,-3921.670,-1025.135
878000,55379.626,2933.607,595.404,-3859.212,-1034.425
879000,55380.712,2874.281,546.194,-3877.652,-1003.733
880000,55389.319,2847.861,520.413,-3829.553,-974.002
881000,55408.543,2885.758,615.156,-3954.798,-1020.710
882000,55406.905,2860.770,500.021,-3858.038,-1000.696
883000,55499.485,2822.166,492.905,-3983.227,-988.062
884000,55346.156,2863.089,568.968,-3931.390,-1015.295
885000,55295.690,2912.932,577.228,-3913.840,-1025.429
886000,55448.123,2861.074,543.743,-3910.553,-1021.137
887000,55413.078,2850.260,602.935,-3891.759,-998.908
888000,55349.789,2874.960,541.514,-3950.207,-1010.382
889000,55359.071,2858.306,590.488,-4020.625,-1011.987
890000,55388.920,2814.889,513.745,-3859.423,-959.367
891000,55360.391,2857.102,581.651,-3892.064,-996.497
892000,55403.654,2879.175,565.649,-3895.470,-1027.053
893000,55388.982,2875.736,549.733,-3912.002,-994.910
894000,55396.321,2862.743,573.801,-3887.749,-985.967
895000,55387.994,2868.248,520.039,-3938.690,-1012.083
896000,55377.119,2855.475,563.211,-3915.050,-1024.735
897000,55382.348,2840.883,570.313,-3951.254,-986.342
898000,55387.628,2780.450,459.192,-3853.909,-976.406
899000,55490.236,2861.613,547.438,-3905.340,-1033.569
900000,55403.586,2882.944,571.438,-3892.878,-1000.806
901000,55375.201,2875.260,503.561,-3806.718,-1001.616
902000,55387.227,2894.164,516.931,-3848.651,-989.464
903000,55354.209,2827.929,541.578,-3858.978,-1005.051
904000,55375.412,2900.641,546.700,-3863.252,-1005.706
905000,55445.554,2821.456,506.148,-3793.520,-970.974
906000,55384.913,2831.803,547.905,-3866.034,-1001.252
907000,55412.310,2876.516,537.953,-3873.923,-998.921
908000,55419.060,2891.327,519.422,-3818.937,-991.787
909000,55336.027,2889.848,563.956,-3898.520,-1031.985
910000,55397.439,2868.146,527.327,-3912.089,-1019.257
911000,55397.011,2870.344,497.583,-3977.386,-1012.532
912000,55356.213,2873.997,642.914,-3927.280,-1010.841
913000,55428.188,2763.171,494.949,-3869.871,-959.684
914000,55396.088,2873.350,552.466,-3907.743,-998.958
915000,55375.939,2854.400,645.327,-3959.424,-1046.506
916000,55409.264,2812.508,534.546,-3883.300,-996.648
917000,55424.554,2846.236,475.672,-3826.142,-1019.512
918000,55391.467,2873.493,568.062,-3879.167,-997.189
919000,55386.133,2872.256,590.120,-3942.006,-1015.993
920000,55397.608,2860.869,532.686,-3901.872,-987.434
921000,55396.824,2905.095,563.670,-3929.971,-981.846
922000,55333.387,2842.808,526.599,-3807.139,-979.082
923000,55352.384,2843.450,503.729,-3816.382,-1018.573
924000,55352.914,2837.135,512.497,-3894.339,-997.485
925000,55359.179,2860.425,566.167,-3812.985,-989.793
926000,55353.717,2812.899,601.437,-3862.118,-984.069
927000,55485.760,2786.232,600.769,-3926.799,-977.155
928000,55356.097,2815.933,471.254,-3835.571,-975.336
929000,55319.158,2884.740,568.177,-3921.169,-1007.320
930000,55386.171,2895.393,549.085,-3940.837,-1017.896
931000,55338.923,2860.894,568.625,-3934.766,-1043.623
932000,55382.568,2887.074,514.120,-3822.504,-1038.680
933000,55435.724,2911.215,579.386,-3940.568,-1068.476
934000,55430.531,2923.372,548.331,-3939.305,-1082.281
935000,55485.764,2869.610,539.444,-3876.132,-1055.449
936000,55368.484,2960.139,634.274,-3957.089,-1092.446
937000,55374.909,2897.876,625.595,-3943.989,-1058.438
938000,55398.641,2903.633,556.425,-3919.615,-1050.871
939000,55366.434,2875.056,507.983,-3786.702,-1023.981
940000,55303.220,2913.787,466.195,-3756.075,-1027.330
941000,55412.652,2878.901,594.856,-3904.813,-1063.028
942000,55381.479,2868.806,628.997,-4017.694,-1058.521
943000,55336.562,2849.860,527.756,-3898.554,-1025.210
944000,55339.847,2865.508,526.206,-3854.778,-1016.982
945000,55417.449,2901.981,592.332,-3913.820,-1034.994
946000,55416.184,2866.845,612.340,-3905.377,-1023.062
947000,55401.292,2864.629,509.720,-3815.072,-1009.028
948000,55337.334,2843.592,519.667,-3801.824,-990.476
949000,55390.556,2863.313,515.973,-3832.575,-1005.729
950000,55319.931,2865.625,562.493,-3857.817,-1022.353
951000,55419.576,2834.355,488.917,-3874.104,-1025.247
952000,55390.944,2893.807,483.245,-3873.921,-1051.926
953000,55387.122,2932.231,563.923,-3940.672,-1072.310
954000,55450.177,2909.239,634.493,-3944.990,-1060.340
955000,55408.367,2900.103,563.958,-3891.334,-1031.710
956000,55343.434,2873.282,528.339,-3831.831,-1005.786
957000,55370.181,2909.763,558.068,-3849.848,-1049.338
958000,55376.776,2930.035,560.171,-3888.423,-1044.689
959000,55455.999,2844.941,593.958,-3967.025,-1010.344
960000,55387.293,2930.182,545.055,-3942.155,-1025.829
961000,55413.346,2854.718,534.744,-3907.805,-1022.592
962000,55367.837,2811.099,516.290,-3884.741,-990.159
963000,55352.226,2792.169,585.537,-3883.354,-980.715
964000,55344.001,2914.279,587.943,-3903.585,-1030.801
965000,55404.403,2895.891,551.514,-3950.346,-1025.100
966000,55390.005,2906.656,658.364,-4041.172,-1045.780
967000,55441.551,2888.084,616.290,-3909.641,-1052.515
968000,55400.804,2896.960,584.165,-3863.891,-1032.434
969000,55368.971,2902.856,566.591,-3851.476,-1016.787
970000,55371.724,2829.044,530.601,-3869.922,-1009.058
971000,55370.950,2842.443,622.278,-3967.646,-995.105
972000,55367.333,2879.040,491.360,-3869.563,-1012.454
973000,55375.074,2938.517,631.585,-4004.094,-1052.778
974000,55382.536,2894.099,554.516,-3908.421,-1038.054
975000,55390.206,2908.561,559.009,-3912.266,-1038.797
976000,55388.251,2905.224,564.901,-3889.329,-1019.443
977000,55406.339,2872.152,562.483,-3875.933,-996.963
978000,55375.495,2834.013,538.589,-3790.025,-946.748
979000,55439.172,2884.732,596.648,-3905.406,-1008.976
980000,55461.467,2847.553,524.985,-3942.971,-981.890
981000,55352.430,2824.830,532.043,-3897.880,-990.066
982000,55395.014,2824.633,572.155,-3924.728,-982.204
983000,55433.336,2805.998,547.906,-3900.255,-983.332
984000,55387.579,2850.478,587.817,-3902.806,-1010.108
985000,55416.488,2811.031,538.567,-3912.645,-977.447
986000,55409.372,2803.463,562.089,-3914.340,-1001.315
987000,55356.710,2836.813,586.955,-3991.588,-1003.655
988000,55419.469,2836.127,579.996,-4005.583,-1019.845
989000,55379.494,2857.839,556.819,-3932.963,-1009.903
990000,55431.706,2836.780,561.345,-3939.901,-1023.560
991000,55354.759,2880.706,538.143,-3903.152,-1023.292
992000,55354.291,2862.267,479.046,-3906.248,-1008.251
993000,55450.020,2901.428,558.313,-3975.829,-1007.806
994000,55435.679,2848.408,554.943,-3863.097,-994.129
995000,55354.133,2954.948,636.153,-3823.001,-1033.586
996000,55415.627,2866.800,545.795,-3882.347,-988.945
997000,55383.740,2866.635,477.039,-3865.648,-998.045
998000,55400.037,2882.347,550.402,-3870.367,-1035.795
999000,55475.995,2915.982,569.516,-3881.655,-1026.828
1000000,55405.949,2896.777,550.022,-3848.830,-1014.458
1001000,55450.864,2915.163,592.019,-3956.991,-1045.100
1002000,55394.423,2881.785,593.973,-3865.413,-1033.552
1003000,55443.502,2900.853,560.115,-3860.176,-1031.030
1004000,55407.958,2954.887,554.394,-3828.259,-1016.726
1005000,55401.339,2927.251,564.392,-3826.685,-1021.554
1006000,55398.786,2846.865,588.177,-3862.335,-1014.763
1007000,55396.248,2853.045,584.691,-3932.867,-1008.572
1008000,55375.022,2885.074,545.692,-3984.148,-1042.769
1009000,55430.430,2841.220,558.756,-3899.650,-1026.719
1010000,55382.047,2869.563,566.267,-3946.555,-1026.391
1011000,55450.007,2842.113,564.767,-3974.652,-1039.533
1012000,55364.057,2868.791,577.793,-3975.109,-1020.387
1013000,55374.540,2876.188,542.800,-3930.123,-1023.898
1014000,55388.154,2878.753,546.266,-3914.892,-1022.714
1015000,55398.730,2859.399,527.141,-3850.089,-997.177
1016000,55378.161,2878.867,533.695,-3809.289,-1015.503
1017000,55400.501,2845.241,577.082,-3854.372,-983.079
1018000,55365.207,2896.850,567.036,-3901.799,-1016.285
1019000,55361.500,2952.169,562.836,-3914.722,-1044.749
1020000,55331.597,2891.245,572.148,-3897.870,-1045.252
1021000,55390.623,2886.790,504.531,-3894.597,-1037.662
1022000,55338.394,2930.182,518.817,-3840.841,-1045.762
1023000,55440.834,2906.898,509.746,-3793.658,-1013.690
1024000,55399.625,2917.794,565.540,-3874.775,-1033.911
1025000,55441.793,2892.437,603.540,-3935.392,-1034.322
1026000,55412.930,2898.564,563.956,-3937.024,-1051.292
1027000,55388.318,2913.970,459.007,-3842.409,-1019.966
1028000,55373.442,2875.389,554.308,-3870.379,-1017.451
1029000,55391.176,2863.083,556.544,-3842.442,-998.620
1030000,55329.360,2877.317,617.521,-3971.530,-1031.868
1031000,55366.092,2872.432,533.024,-3888.449,-1014.616
1032000,55425.095,2882.144,474.214,-3779.376,-1006.569
1033000,55467.356,2859.352,593.989,-3824.093,-1014.012
1034000,55400.818,2879.406,578.206,-3881.263,-1009.667
1035000,55432.201,2878.114,582.011,-3850.741,-1019.114
1036000,55339.383,2841.293,564.377,-3815.601,-1010.033
1037000,55367.584,2861.477,653.026,-3942.464,-1027.349
1038000,55399.759,2798.532,528.586,-3938.852,-992.903
1039000,55403.338,2794.112,594.758,-3991.671,-1003.703
1040000,55361.873,2872.756,521.020,-3887.712,-996.404
1041000,55363.469,2807.175,468.350,-3863.596,-978.031
1042000,55466.608,2856.799,509.682,-3915.295,-997.354
1043000,55406.130,2809.742,509.154,-3863.443,-989.713
1044000,55351.487,2875.427,619.822,-3927.826,-1020.785
1045000,55365.144,2889.936,552.584,-3935.398,-1043.670
1046000,55373.906,2848.578,528.503,-3873.783,-1021.066
1047000,55379.078,2858.789,470.090,-3805.577,-996.921
1048000,55364.631,2898.825,565.013,-3901.993,-1018.552
1049000,55403.613,2854.852,518.807,-3896.838,-1015.911
1050000,55364.781,2870.456,593.588,-3934.880,-1001.016
1051000,55365.597,2775.634,538.711,-3821.280,-972.541
1052000,55414.515,2891.933,521.920,-3875.899,-1020.416
1053000,55421.746,2918.107,573.697,-3903.673,-1034.143
1054000,55418.132,2871.532,558.462,-3930.292,-1040.213
1055000,55343.538,2893.161,610.107,-3902.944,-1049.689
1056000,55382.946,2907.469,573.102,-3770.294,-1048.160
1057000,55463.616,2895.207,555.699,-3813.157,-1038.961
1058000,55329.901,2890.105,506.313,-3937.540,-1046.637
1059000,55418.969,2838.299,527.511,-3907.673,-1053.708
1060000,55308.344,2868.413,544.431,-3906.850,-1044.178
1061000,55361.409,2852.480,615.562,-3974.990,-1041.481
1062000,55342.404,2877.413,539.312,-3910.253,-1043.159
1063000,55426.480,2870.671,612.880,-3896.062,-1049.513
1064000,55320.416,2817.971,569.646,-3975.927,-1041.405
1065000,55390.290,2914.611,510.921,-3885.001,-1023.796
1066000,55372.653,2847.061,558.413,-3917.706,-997.010
1067000,55435.563,2857.043,526.489,-3909.003,-1032.736
1068000,55385.465,2865.076,542.002,-3901.694,-1018.809
1069000,55379.119,2848.330,535.183,-3869.718,-1011.588
1070000,55429.682,2870.342,499.894,-3929.345,-1013.607
1071000,55408.505,2851.774,542.625,-3890.782,-1042.614
1072000,55386.403,2899.739,571.490,-3862.038,-1026.277
1073000,55338.293,2862.381,553.211,-3960.148,-1044.459
1074000,55311.467,2867.187,585.721,-3921.108,-1029.046
1075000,55415.340,2871.962,608.292,-3936.695,-1044.977
1076000,55376.481,2887.593,563.446,-3921.770,-1070.946
1077000,55378.912,2914.521,531.708,-3923.344,-1082.164
1078000,55402.523,2912.292,564.423,-3910.829,-1042.893
1079000,55345.503,2909.746,504.728,-3818.653,-1032.051
1080000,55434.773,2915.454,597.484,-3898.938,-1051.281
1081000,55414.808,2854.504,492.631,-3859.391,-1006.474
1082000,55416.058,2900.617,629.526,-3954.422,-1041.938
1083000,55396.158,2833.397,532.830,-3946.052,-1021.900
1084000,55435.863,2840.676,554.904,-3920.356,-1033.942
1085000,55420.462,2855.859,516.072,-3834.297,-1010.969
