#Step,RG,Etotal,Epot,Ekin,Temperature

400000,8.880,21.653,20.128,1.525,1.017
401000,8.931,21.645,20.137,1.507,1.005
402000,8.922,21.662,20.177,1.486,0.990
403000,8.888,21.618,20.151,1.467,0.978
404000,8.887,21.661,20.189,1.471,0.981
405000,8.856,21.631,20.113,1.518,1.012
406000,8.845,21.694,20.192,1.502,1.001
407000,8.832,21.700,20.169,1.531,1.020
408000,8.858,21.691,20.158,1.534,1.022
409000,8.781,21.666,20.164,1.502,1.001
410000,8.801,21.641,20.160,1.480,0.987
411000,8.827,21.651,20.159,1.491,0.994
412000,8.738,21.633,20.132,1.501,1.001
413000,8.719,21.613,20.136,1.477,0.985
414000,8.743,21.649,20.143,1.506,1.004
415000,8.793,21.615,20.109,1.506,1.004
416000,8.819,21.622,20.138,1.485,0.990
417000,8.729,21.653,20.145,1.508,1.005
418000,8.668,21.633,20.168,1.465,0.977
419000,8.728,21.669,20.159,1.510,1.007
420000,8.849,21.693,20.173,1.519,1.013
421000,8.743,21.688,20.159,1.528,1.019
422000,8.714,21.693,20.187,1.506,1.004
423000,8.769,21.689,20.154,1.535,1.024
424000,8.778,21.647,20.146,1.500,1.000
425000,8.799,21.639,20.168,1.471,0.981
426000,8.777,21.698,20.134,1.564,1.043
427000,8.803,21.731,20.207,1.524,1.016
428000,8.700,21.636,20.183,1.453,0.969
429000,8.700,21.642,20.109,1.532,1.021
430000,8.783,21.656,20.150,1.505,1.004
431000,8.763,21.660,20.179,1.481,0.987
432000,8.694,21.678,20.153,1.525,1.017
433000,8.656,21.634,20.137,1.498,0.998
434000,8.692,21.628,20.162,1.466,0.977
435000,8.661,21.645,20.136,1.509,1.006
436000,8.667,21.641,20.166,1.475,0.983
437000,8.665,21.681,20.180,1.501,1.001
438000,8.677,21.621,20.150,1.471,0.980
439000,8.655,21.705,20.171,1.534,1.023
440000,8.621,21.706,20.179,1.527,1.018
441000,8.704,21.738,20.223,1.515,1.010
442000,8.709,21.673,20.153,1.521,1.014
443000,8.686,21.665,20.162,1.503,1.002
444000,8.627,21.674,20.140,1.534,1.022
445000,8.641,21.640,20.165,1.474,0.983
446000,8.692,21.627,20.145,1.482,0.988
447000,8.715,21.639,20.141,1.499,0.999
448000,8.779,21.594,20.114,1.480,0.987
449000,8.753,21.562,20.099,1.462,0.975
450000,8.779,21.601,20.127,1.474,0.983
451000,8.740,21.681,20.141,1.539,1.026
452000,8.729,21.639,20.151,1.488,0.992
453000,8.793,21.650,20.160,1.490,0.993
454000,8.814,21.630,20.141,1.489,0.993
455000,8.771,21.625,20.145,1.480,0.987
456000,8.827,21.629,20.147,1.482,0.988
457000,8.886,21.657,20.162,1.495,0.996
458000,8.837,21.624,20.157,1.467,0.978
459000,8.855,21.720,20.195,1.525,1.017
460000,8.895,21.679,20.175,1.504,1.002
461000,8.850,21.687,20.182,1.505,1.004
462000,8.885,21.647,20.184,1.463,0.975
463000,8.945,21.697,20.171,1.526,1.017
464000,8.924,21.682,20.217,1.464,0.976
465000,8.775,21.688,20.174,1.515,1.010
466000,8.793,21.623,20.138,1.484,0.990
467000,8.852,21.668,20.175,1.492,0.995
468000,8.832,21.713,20.194,1.519,1.013
469000,8.762,21.640,20.143,1.496,0.997
470000,8.720,21.629,20.140,1.490,0.993
471000,8.737,21.636,20.143,1.494,0.996
472000,8.802,21.631,20.139,1.492,0.994
473000,8.741,21.665,20.193,1.472,0.981
474000,8.693,21.631,20.138,1.494,0.996
475000,8.657,21.639,20.145,1.494,0.996
476000,8.657,21.658,20.151,1.507,1.004
477000,8.638,21.696,20.162,1.534,1.023
478000,8.676,21.715,20.154,1.561,1.041
479000,8.721,21.672,20.162,1.510,1.007
480000,8.644,21.613,20.137,1.475,0.983
481000,8.659,21.640,20.136,1.504,1.003
482000,8.686,21.592,20.124,1.468,0.979
483000,8.603,21.619,20.139,1.480,0.987
484000,8.588,21.629,20.144,1.485,0.990
485000,8.665,21.647,20.166,1.481,0.987
486000,8.701,21.697,20.189,1.508,1.006
487000,8.731,21.689,20.187,1.501,1.001
488000,8.746,21.677,20.154,1.524,1.016
489000,8.757,21.669,20.151,1.519,1.012
490000,8.845,21.608,20.148,1.460,0.973
491000,8.761,21.619,20.110,1.509,1.006
492000,8.692,21.633,20.152,1.481,0.987
493000,8.715,21.586,20.110,1.476,0.984
494000,8.757,21.627,20.135,1.491,0.994
495000,8.791,21.584,20.111,1.473,0.982
496000,8.776,21.611,20.163,1.448,0.965
497000,8.788,21.605,20.124,1.481,0.987
498000,8.742,21.600,20.105,1.495,0.996
499000,8.858,21.631,20.126,1.505,1.004
500000,8.896,21.667,20.183,1.483,0.989
501000,8.911,21.719,20.185,1.534,1.023
502000,8.898,21.716,20.205,1.511,1.007
503000,8.864,21.673,20.145,1.528,1.019
504000,8.859,21.654,20.142,1.512,1.008
505000,8.825,21.633,20.140,1.493,0.995
506000,8.794,21.630,20.140,1.489,0.993
507000,8.753,21.648,20.182,1.466,0.978
508000,8.721,21.653,20.116,1.536,1.024
509000,8.696,21.597,20.140,1.456,0.971
510000,8.687,21.628,20.123,1.505,1.003
511000,8.724,21.634,20.125,1.510,1.007
512000,8.782,21.620,20.136,1.484,0.989
513000,8.815,21.671,20.177,1.494,0.996
514000,8.720,21.627,20.157,1.470,0.980
515000,8.709,21.597,20.112,1.485,0.990
516000,8.720,21.573,20.136,1.438,0.958
517000,8.703,21.559,20.091,1.468,0.979
518000,8.731,21.610,20.086,1.524,1.016
519000,8.719,21.591,20.111,1.481,0.987
520000,8.662,21.678,20.146,1.532,1.021
521000,8.712,21.659,20.135,1.524,1.016
522000,8.672,21.651,20.164,1.486,0.991
523000,8.642,21.663,20.182,1.481,0.987
524000,8.761,21.653,20.134,1.519,1.013
525000,8.764,21.615,20.151,1.465,0.976
526000,8.728,21.642,20.148,1.494,0.996
527000,8.746,21.639,20.124,1.515,1.010
528000,8.745,21.623,20.137,1.486,0.990
529000,8.760,21.634,20.155,1.478,0.985
530000,8.773,21.639,20.132,1.507,1.005
531000,8.806,21.636,20.136,1.501,1.000
532000,8.776,21.618,20.141,1.478,0.985
533000,8.709,21.674,20.155,1.519,1.013
534000,8.656,21.629,20.167,1.462,0.975
535000,8.668,21.638,20.120,1.518,1.012
536000,8.736,21.621,20.108,1.513,1.009
537000,8.781,21.669,20.193,1.476,0.984
538000,8.781,21.685,20.167,1.518,1.012
539000,8.674,21.671,20.143,1.529,1.019
540000,8.686,21.589,20.076,1.513,1.009
541000,8.696,21.640,20.128,1.511,1.007
542000,8.710,21.670,20.195,1.475,0.983
543000,8.728,21.686,20.159,1.527,1.018
544000,8.656,21.595,20.121,1.474,0.983
545000,8.745,21.668,20.183,1.485,0.990
546000,8.828,21.716,20.207,1.508,1.005
547000,8.732,21.658,20.203,1.455,0.970
548000,8.693,21.686,20.196,1.490,0.993
549000,8.666,21.683,20.146,1.536,1.024
550000,8.592,21.640,20.127,1.513,1.009
551000,8.594,21.685,20.179,1.506,1.004
552000,8.668,21.653,20.147,1.506,1.004
553000,8.684,21.673,20.170,1.503,1.002
554000,8.739,21.641,20.169,1.472,0.981
555000,8.725,21.603,20.126,1.477,0.985
556000,8.733,21.654,20.132,1.522,1.014
557000,8.792,21.643,20.165,1.477,0.985
558000,8.835,21.655,20.174,1.481,0.987
559000,8.825,21.679,20.181,1.498,0.998
560000,8.858,21.687,20.202,1.485,0.990
561000,8.845,21.650,20.183,1.467,0.978
562000,8.810,21.688,20.194,1.494,0.996
563000,8.782,21.625,20.151,1.473,0.982
564000,8.749,21.647,20.126,1.522,1.014
565000,8.836,21.669,20.151,1.518,1.012
566000,8.851,21.663,20.139,1.524,1.016
567000,8.849,21.654,20.159,1.494,0.996
568000,8.893,21.699,20.200,1.499,0.999
569000,8.916,21.690,20.188,1.502,1.001
570000,8.929,21.621,20.156,1.465,0.977
571000,8.896,21.631,20.148,1.483,0.989
572000,8.904,21.643,20.164,1.480,0.986
573000,8.898,21.700,20.193,1.507,1.004
574000,8.881,21.691,20.172,1.519,1.013
575000,8.768,21.677,20.164,1.513,1.009
576000,8.749,21.677,20.189,1.488,0.992
577000,8.780,21.662,20.178,1.484,0.990
578000,8.760,21.619,20.138,1.481,0.987
579000,8.840,21.675,20.157,1.518,1.012
580000,8.855,21.645,20.155,1.490,0.993
581000,8.864,21.663,20.172,1.491,0.994
582000,8.824,21.697,20.175,1.522,1.015
583000,8.833,21.669,20.147,1.522,1.015
584000,8.800,21.665,20.139,1.526,1.017
585000,8.775,21.658,20.163,1.495,0.997
586000,8.791,21.622,20.119,1.503,1.002
587000,8.768,21.658,20.162,1.496,0.997
588000,8.753,21.608,20.130,1.478,0.985
589000,8.732,21.652,20.153,1.498,0.999
590000,8.782,21.634,20.177,1.457,0.971
591000,8.812,21.674,20.185,1.489,0.993
592000,8.864,21.678,20.181,1.497,0.998
593000,8.845,21.712,20.178,1.534,1.022
594000,8.727,21.613,20.125,1.489,0.993
595000,8.739,21.617,20.114,1.503,1.002
596000,8.765,21.574,20.102,1.472,0.981
597000,8.819,21.650,20.170,1.480,0.987
598000,8.781,21.645,20.155,1.490,0.993
599000,8.772,21.650,20.150,1.500,1.000
600000,8.768,21.665,20.114,1.551,1.034
601000,8.769,21.656,20.163,1.493,0.995
602000,8.691,21.650,20.139,1.511,1.007
603000,8.659,21.605,20.133,1.472,0.981
604000,8.699,21.672,20.182,1.490,0.993
605000,8.637,21.658,20.145,1.513,1.009
606000,8.601,21.639,20.103,1.536,1.024
607000,8.649,21.591,20.146,1.445,0.963
608000,8.637,21.600,20.117,1.483,0.989
609000,8.613,21.599,20.091,1.509,1.006
610000,8.585,21.609,20.134,1.475,0.983
611000,8.624,21.634,20.108,1.526,1.018
612000,8.582,21.623,20.139,1.484,0.989
613000,8.532,21.649,20.150,1.499,0.999
614000,8.577,21.645,20.148,1.498,0.998
615000,8.644,21.658,20.161,1.497,0.998
616000,8.648,21.632,20.159,1.474,0.982
617000,8.519,21.583,20.066,1.517,1.011
618000,8.521,21.619,20.123,1.496,0.998
619000,8.581,21.631,20.129,1.503,1.002
620000,8.616,21.612,20.150,1.463,0.975
621000,8.616,21.601,20.096,1.506,1.004
622000,8.638,21.635,20.103,1.532,1.021
623000,8.674,21.631,20.125,1.507,1.004
624000,8.711,21.678,20.171,1.507,1.005
625000,8.775,21.615,20.164,1.451,0.967
626000,8.785,21.632,20.167,1.465,0.976
627000,8.793,21.643,20.132,1.511,1.007
628000,8.665,21.592,20.116,1.477,0.984
629000,8.670,21.579,20.097,1.481,0.988
630000,8.650,21.681,20.168,1.513,1.009
631000,8.654,21.636,20.122,1.514,1.009
632000,8.689,21.658,20.166,1.492,0.995
633000,8.690,21.635,20.149,1.486,0.991
634000,8.684,21.674,20.150,1.524,1.016
635000,8.562,21.595,20.109,1.485,0.990
636000,8.574,21.585,20.129,1.456,0.971
637000,8.579,21.616,20.120,1.495,0.997
638000,8.612,21.655,20.134,1.521,1.014
639000,8.637,21.692,20.175,1.517,1.011
640000,8.684,21.650,20.134,1.516,1.011
641000,8.637,21.640,20.153,1.487,0.991
642000,8.594,21.641,20.142,1.499,0.999
643000,8.577,21.679,20.172,1.508,1.005
644000,8.610,21.710,20.215,1.495,0.997
645000,8.611,21.688,20.189,1.499,0.999
646000,8.608,21.711,20.165,1.546,1.031
647000,8.685,21.715,20.205,1.510,1.006
648000,8.752,21.698,20.231,1.467,0.978
649000,8.726,21.660,20.172,1.488,0.992
650000,8.712,21.701,20.202,1.499,0.999
651000,8.655,21.688,20.173,1.515,1.010
652000,8.655,21.646,20.156,1.490,0.993
653000,8.652,21.607,20.126,1.481,0.987
654000,8.579,21.588,20.103,1.484,0.990
655000,8.628,21.626,20.124,1.502,1.001
656000,8.631,21.643,20.140,1.502,1.002
657000,8.653,21.659,20.168,1.491,0.994
658000,8.657,21.598,20.105,1.493,0.995
659000,8.570,21.624,20.141,1.484,0.989
660000,8.504,21.547,20.102,1.445,0.963
661000,8.494,21.611,20.099,1.513,1.008
662000,8.605,21.640,20.165,1.475,0.983
663000,8.672,21.646,20.163,1.483,0.988
664000,8.665,21.697,20.158,1.539,1.026
665000,8.670,21.717,20.167,1.551,1.034
666000,8.653,21.638,20.148,1.490,0.993
667000,8.643,21.600,20.139,1.461,0.974
668000,8.609,21.548,20.111,1.437,0.958
669000,8.598,21.631,20.135,1.496,0.997
670000,8.634,21.658,20.183,1.475,0.983
671000,8.629,21.687,20.174,1.513,1.009
672000,8.610,21.688,20.165,1.523,1.015
673000,8.612,21.715,20.196,1.519,1.013
674000,8.528,21.652,20.157,1.495,0.997
675000,8.486,21.638,20.145,1.493,0.995
676000,8.435,21.608,20.110,1.498,0.999
677000,8.509,21.609,20.151,1.458,0.972
678000,8.577,21.647,20.159,1.487,0.992
679000,8.486,21.680,20.155,1.525,1.017
680000,8.514,21.666,20.177,1.488,0.992
681000,8.539,21.698,20.183,1.514,1.010
682000,8.582,21.687,20.185,1.501,1.001
683000,8.656,21.691,20.201,1.490,0.994
684000,8.604,21.677,20.168,1.509,1.006
685000,8.579,21.677,20.175,1.502,1.001
686000,8.579,21.632,20.118,1.514,1.009
687000,8.592,21.676,20.156,1.520,1.013
688000,8.570,21.676,20.172,1.504,1.003
689000,8.601,21.627,20.169,1.459,0.972
690000,8.625,21.663,20.157,1.506,1.004
691000,8.639,21.634,20.110,1.525,1.017
692000,8.707,21.650,20.174,1.477,0.984
693000,8.662,21.654,20.161,1.494,0.996
694000,8.641,21.591,20.105,1.486,0.991
695000,8.647,21.570,20.113,1.458,0.972
696000,8.711,21.641,20.134,1.507,1.004
697000,8.812,21.702,20.157,1.545,1.030
698000,8.795,21.680,20.201,1.479,0.986
699000,8.691,21.626,20.098,1.528,1.019
700000,8.617,21.663,20.154,1.508,1.005
701000,8.650,21.680,20.168,1.512,1.008
702000,8.680,21.657,20.153,1.503,1.002
703000,8.708,21.693,20.164,1.529,1.019
704000,8.690,21.680,20.171,1.510,1.006
705000,8.660,21.676,20.180,1.496,0.997
706000,8.634,21.608,20.139,1.469,0.979
707000,8.674,21.626,20.145,1.481,0.988
708000,8.659,21.634,20.134,1.500,1.000
709000,8.671,21.664,20.129,1.534,1.023
710000,8.738,21.675,20.159,1.516,1.011
711000,8.740,21.646,20.166,1.480,0.987
712000,8.825,21.677,20.189,1.488,0.992
713000,8.852,21.720,20.196,1.525,1.016
714000,8.857,21.697,20.166,1.531,1.021
715000,8.787,21.666,20.145,1.520,1.014
716000,8.831,21.731,20.171,1.559,1.040
717000,8.832,21.670,20.159,1.512,1.008
718000,8.831,21.621,20.141,1.479,0.986
719000,8.804,21.577,20.109,1.469,0.979
720000,8.770,21.614,20.118,1.497,0.998
721000,8.744,21.628,20.151,1.477,0.984
722000,8.730,21.655,20.173,1.482,0.988
723000,8.766,21.721,20.172,1.549,1.033
724000,8.757,21.720,20.181,1.539,1.026
725000,8.679,21.690,20.167,1.523,1.015
726000,8.670,21.721,20.221,1.500,1.000
727000,8.648,21.697,20.187,1.509,1.006
728000,8.664,21.675,20.139,1.536,1.024
729000,8.664,21.645,20.153,1.492,0.995
730000,8.660,21.598,20.136,1.462,0.974
731000,8.643,21.635,20.155,1.480,0.987
732000,8.642,21.638,20.137,1.501,1.001
733000,8.690,21.662,20.147,1.515,1.010
734000,8.731,21.668,20.158,1.510,1.007
735000,8.675,21.616,20.121,1.496,0.997
736000,8.667,21.652,20.146,1.506,1.004
737000,8.635,21.688,20.180,1.508,1.005
738000,8.542,21.610,20.131,1.480,0.987
739000,8.561,21.650,20.138,1.512,1.008
740000,8.536,21.626,20.139,1.487,0.991
741000,8.545,21.611,20.150,1.461,0.974
742000,8.515,21.603,20.115,1.487,0.991
743000,8.464,21.632,20.122,1.510,1.006
744000,8.521,21.617,20.130,1.487,0.991
745000,8.609,21.647,20.165,1.482,0.988
746000,8.618,21.694,20.162,1.532,1.021
747000,8.607,21.663,20.134,1.529,1.019
748000,8.654,21.679,20.194,1.485,0.990
749000,8.623,21.631,20.110,1.522,1.014
750000,8.590,21.615,20.181,1.434,0.956
751000,8.634,21.657,20.148,1.509,1.006
752000,8.606,21.683,20.163,1.520,1.013
753000,8.588,21.690,20.171,1.519,1.013
754000,8.662,21.705,20.178,1.527,1.018
755000,8.667,21.676,20.194,1.482,0.988
756000,8.597,21.619,20.158,1.461,0.974
757000,8.629,21.668,20.153,1.515,1.010
758000,8.688,21.643,20.146,1.497,0.998
759000,8.724,21.662,20.138,1.523,1.015
760000,8.665,21.640,20.143,1.498,0.998
761000,8.610,21.660,20.143,1.517,1.011
762000,8.608,21.633,20.120,1.513,1.009
763000,8.603,21.585,20.121,1.464,0.976
764000,8.666,21.569,20.137,1.432,0.955
765000,8.649,21.640,20.145,1.495,0.996
766000,8.737,21.655,20.131,1.524,1.016
767000,8.718,21.687,20.172,1.514,1.010
768000,8.669,21.609,20.121,1.488,0.992
769000,8.625,21.664,20.131,1.533,1.022
770000,8.660,21.693,20.178,1.515,1.010
771000,8.710,21.708,20.210,1.498,0.999
772000,8.703,21.745,20.220,1.525,1.017
773000,8.713,21.658,20.187,1.471,0.980
774000,8.695,21.629,20.134,1.495,0.997
775000,8.705,21.663,20.146,1.517,1.011
776000,8.708,21.662,20.164,1.498,0.998
777000,8.626,21.671,20.142,1.529,1.019
778000,8.678,21.649,20.154,1.495,0.997
779000,8.662,21.666,20.147,1.518,1.012
780000,8.712,21.655,20.173,1.482,0.988
781000,8.647,21.715,20.181,1.535,1.023
782000,8.669,21.697,20.174,1.523,1.015
783000,8.609,21.702,20.172,1.531,1.020
784000,8.593,21.665,20.167,1.498,0.998
785000,8.572,21.627,20.150,1.478,0.985
786000,8.559,21.617,20.146,1.470,0.980
787000,8.604,21.646,20.169,1.476,0.984
788000,8.608,21.627,20.175,1.452,0.968
789000,8.588,21.624,20.117,1.507,1.004
790000,8.489,21.612,20.099,1.513,1.008
791000,8.561,21.635,20.174,1.460,0.974
792000,8.555,21.688,20.182,1.506,1.004
793000,8.567,21.634,20.150,1.484,0.989
794000,8.597,21.642,20.176,1.466,0.977
795000,8.614,21.639,20.161,1.478,0.985
796000,8.569,21.643,20.157,1.486,0.991
797000,8.568,21.618,20.149,1.469,0.979
798000,8.563,21.654,20.140,1.513,1.009
799000,8.624,21.678,20.187,1.492,0.994
800000,8.610,21.627,20.146,1.481,0.987
801000,8.669,21.684,20.165,1.519,1.012
802000,8.682,21.672,20.198,1.474,0.982
803000,8.671,21.671,20.165,1.506,1.004
804000,8.695,21.708,20.206,1.502,1.002
805000,8.683,21.648,20.184,1.464,0.976
806000,8.644,21.648,20.133,1.515,1.010
807000,8.632,21.664,20.156,1.508,1.005
808000,8.613,21.698,20.176,1.521,1.014
809000,8.655,21.684,20.152,1.533,1.022
810000,8.590,21.671,20.168,1.503,1.002
811000,8.566,21.653,20.155,1.499,0.999
812000,8.577,21.654,20.173,1.482,0.988
813000,8.592,21.649,20.159,1.491,0.994
814000,8.636,21.659,20.152,1.507,1.004
815000,8.635,21.608,20.130,1.478,0.985
816000,8.554,21.591,20.101,1.489,0.993
817000,8.579,21.620,20.140,1.480,0.986
818000,8.638,21.657,20.174,1.483,0.988
819000,8.593,21.671,20.180,1.491,0.994
820000,8.545,21.662,20.188,1.474,0.983
821000,8.573,21.700,20.171,1.530,1.020
822000,8.579,21.713,20.185,1.528,1.018
823000,8.606,21.668,20.221,1.447,0.965
824000,8.535,21.633,20.161,1.471,0.981
825000,8.512,21.681,20.154,1.527,1.018
826000,8.527,21.666,20.205,1.461,0.974
827000,8.564,21.631,20.121,1.510,1.006
828000,8.516,21.576,20.103,1.473,0.982
829000,8.546,21.602,20.125,1.477,0.985
830000,8.538,21.652,20.153,1.499,0.999
831000,8.594,21.636,20.156,1.480,0.986
832000,8.601,21.661,20.154,1.507,1.005
833000,8.621,21.655,20.163,1.492,0.994
834000,8.636,21.634,20.157,1.477,0.985
835000,8.581,21.631,20.179,1.452,0.968
836000,8.543,21.672,20.160,1.512,1.008
837000,8.529,21.625,20.129,1.495,0.997
838000,8.544,21.623,20.130,1.493,0.995
839000,8.529,21.613,20.110,1.502,1.002
840000,8.581,21.655,20.155,1.500,1.000
841000,8.586,21.651,20.171,1.480,0.986
842000,8.562,21.618,20.130,1.488,0.992
843000,8.507,21.635,20.102,1.533,1.022
844000,8.518,21.591,20.111,1.480,0.987
845000,8.608,21.635,20.144,1.491,0.994
846000,8.649,21.615,20.135,1.480,0.987
847000,8.562,21.598,20.111,1.487,0.992
848000,8.606,21.572,20.152,1.420,0.947
849000,8.626,21.646,20.132,1.514,1.010
850000,8.636,21.676,20.184,1.491,0.994
851000,8.608,21.627,20.144,1.483,0.989
852000,8.533,21.610,20.110,1.500,1.000
853000,8.586,21.610,20.148,1.461,0.974
854000,8.634,21.684,20.170,1.514,1.009
855000,8.552,21.636,20.158,1.477,0.985
856000,8.561,21.610,20.143,1.467,0.978
857000,8.625,21.712,20.213,1.499,1.000
858000,8.645,21.672,20.169,1.503,1.002
859000,8.541,21.634,20.138,1.496,0.997
860000,8.530,21.638,20.124,1.514,1.009
861000,8.606,21.619,20.138,1.481,0.987
862000,8.539,21.630,20.144,1.487,0.991
863000,8.540,21.648,20.174,1.474,0.983
864000,8.514,21.628,20.131,1.497,0.998
865000,8.524,21.624,20.127,1.497,0.998
866000,8.483,21.621,20.148,1.473,0.982
867000,8.511,21.644,20.150,1.493,0.996
868000,8.489,21.560,20.106,1.454,0.969
869000,8.485,21.664,20.164,1.500,1.000
870000,8.571,21.630,20.154,1.476,0.984
871000,8.573,21.668,20.142,1.526,1.017
872000,8.568,21.678,20.165,1.513,1.008
873000,8.539,21.697,20.181,1.517,1.011
874000,8.474,21.620,20.104,1.516,1.011
875000,8.478,21.576,20.096,1.480,0.986
876000,8.474,21.627,20.142,1.486,0.990
877000,8.477,21.657,20.155,1.502,1.001
878000,8.484,21.688,20.185,1.503,1.002
879000,8.496,21.663,20.149,1.514,1.009
880000,8.540,21.662,20.162,1.500,1.000
881000,8.491,21.662,20.155,1.507,1.005
882000,8.547,21.601,20.145,1.455,0.970
883000,8.508,21.594,20.121,1.473,0.982
884000,8.521,21.619,20.116,1.503,1.002
885000,8.557,21.622,20.122,1.500,1.000
886000,8.578,21.662,20.150,1.512,1.008
887000,8.541,21.669,20.170,1.499,0.999
888000,8.499,21.614,20.107,1.507,1.005
889000,8.482,21.584,20.095,1.489,0.993
890000,8.580,21.581,20.142,1.440,0.960
891000,8.583,21.627,20.146,1.481,0.987
892000,8.597,21.661,20.152,1.509,1.006
893000,8.556,21.674,20.145,1.529,1.019
894000,8.538,21.653,20.164,1.489,0.993
895000,8.576,21.616,20.114,1.502,1.001
896000,8.569,21.643,20.126,1.517,1.011
897000,8.551,21.655,20.126,1.530,1.020
898000,8.641,21.592,20.103,1.488,0.992
899000,8.594,21.675,20.165,1.511,1.007
900000,8.551,21.686,20.166,1.520,1.014
901000,8.603,21.658,20.159,1.499,1.000
902000,8.614,21.633,20.165,1.468,0.979
903000,8.634,21.601,20.127,1.474,0.983
904000,8.656,21.659,20.162,1.497,0.998
905000,8.710,21.656,20.183,1.474,0.982
906000,8.648,21.663,20.141,1.522,1.015
907000,8.630,21.668,20.162,1.505,1.004
908000,8.607,21.688,20.187,1.501,1.001
909000,8.572,21.596,20.127,1.469,0.979
910000,8.517,21.618,20.128,1.491,0.994
911000,8.508,21.596,20.095,1.501,1.000
912000,8.503,21.627,20.155,1.472,0.981
913000,8.523,21.625,20.126,1.499,0.999
914000,8.479,21.614,20.148,1.466,0.977
915000,8.475,21.619,20.131,1.489,0.992
916000,8.504,21.654,20.133,1.521,1.014
917000,8.533,21.654,20.142,1.512,1.008
918000,8.501,21.629,20.163,1.466,0.977
919000,8.472,21.612,20.138,1.474,0.982
920000,8.464,21.621,20.143,1.479,0.986
921000,8.464,21.683,20.162,1.521,1.014
922000,8.555,21.684,20.148,1.536,1.024
923000,8.549,21.676,20.129,1.548,1.032
924000,8.511,21.638,20.109,1.529,1.019
925000,8.554,21.705,20.173,1.532,1.021
926000,8.513,21.648,20.150,1.498,0.998
927000,8.474,21.598,20.168,1.430,0.953
928000,8.477,21.605,20.117,1.488,0.992
929000,8.446,21.629,20.121,1.508,1.005
930000,8.462,21.643,20.132,1.511,1.008
931000,8.496,21.615,20.101,1.515,1.010
932000,8.501,21.663,20.150,1.512,1.008
933000,8.451,21.679,20.148,1.531,1.020
934000,8.443,21.653,20.135,1.518,1.012
935000,8.522,21.618,20.166,1.452,0.968
936000,8.503,21.643,20.147,1.496,0.997
937000,8.522,21.627,20.140,1.487,0.991
938000,8.557,21.640,20.138,1.502,1.002
939000,8.653,21.621,20.156,1.464,0.976
940000,8.685,21.635,20.142,1.493,0.995
941000,8.547,21.680,20.149,1.531,1.021
942000,8.490,21.617,20.106,1.511,1.007
943000,8.581,21.619,20.101,1.518,1.012
944000,8.567,21.635,20.127,1.508,1.005
945000,8.528,21.653,20.166,1.487,0.991
946000,8.530,21.649,20.167,1.482,0.988
947000,8.590,21.675,20.161,1.513,1.009
948000,8.601,21.671,20.145,1.526,1.017
949000,8.537,21.659,20.154,1.505,1.004
950000,8.621,21.619,20.130,1.489,0.993
951000,8.653,21.630,20.121,1.509,1.006
952000,8.608,21.596,20.120,1.475,0.983
953000,8.511,21.658,20.131,1.527,1.018
954000,8.447,21.643,20.175,1.468,0.979
955000,8.491,21.632,20.160,1.471,0.981
956000,8.512,21.649,20.145,1.504,1.003
957000,8.534,21.666,20.157,1.509,1.006
958000,8.491,21.677,20.155,1.523,1.015
959000,8.435,21.643,20.149,1.495,0.997
960000,8.418,21.653,20.140,1.513,1.009
961000,8.413,21.628,20.132,1.497,0.998
962000,8.426,21.603,20.112,1.490,0.994
963000,8.450,21.632,20.129,1.503,1.002
964000,8.424,21.622,20.146,1.476,0.984
965000,8.380,21.659,20.133,1.526,1.017
966000,8.335,21.642,20.130,1.512,1.008
967000,8.443,21.661,20.173,1.488,0.992
968000,8.489,21.665,20.174,1.491,0.994
969000,8.483,21.694,20.168,1.526,1.017
970000,8.462,21.595,20.124,1.471,0.981
971000,8.398,21.594,20.132,1.462,0.975
972000,8.426,21.610,20.125,1.485,0.990
973000,8.354,21.634,20.138,1.496,0.998
974000,8.454,21.641,20.136,1.505,1.003
975000,8.460,21.618,20.145,1.474,0.982
976000,8.464,21.699,20.161,1.539,1.026
977000,8.513,21.695,20.167,1.527,1.018
978000,8.541,21.707,20.184,1.524,1.016
979000,8.461,21.686,20.182,1.505,1.003
980000,8.390,21.624,20.145,1.478,0.985
981000,8.459,21.600,20.113,1.488,0.992
982000,8.433,21.615,20.136,1.479,0.986
983000,8.424,21.601,20.143,1.458,0.972
984000,8.465,21.644,20.147,1.497,0.998
985000,8.483,21.627,20.133,1.494,0.996
986000,8.490,21.631,20.127,1.504,1.003
987000,8.426,21.600,20.099,1.501,1.001
988000,8.406,21.572,20.108,1.463,0.975
989000,8.486,21.556,20.124,1.432,0.955
990000,8.463,21.640,20.129,1.511,1.007
991000,8.504,21.640,20.122,1.518,1.012
992000,8.559,21.572,20.098,1.475,0.983
993000,8.518,21.673,20.152,1.521,1.014
994000,8.592,21.713,20.173,1.540,1.027
995000,8.627,21.717,20.212,1.505,1.003
996000,8.577,21.725,20.163,1.561,1.041
997000,8.567,21.665,20.128,1.537,1.025
998000,8.587,21.662,20.152,1.510,1.007
999000,8.569,21.705,20.199,1.505,1.004
1000000,8.541,21.681,20.175,1.506,1.004
1001000,8.482,21.661,20.163,1.498,0.999
1002000,8.507,21.692,20.169,1.523,1.016
1003000,8.516,21.661,20.184,1.477,0.984
1004000,8.544,21.677,20.206,1.471,0.980
1005000,8.566,21.715,20.196,1.519,1.012
1006000,8.507,21.685,20.163,1.522,1.015
1007000,8.474,21.651,20.139,1.512,1.008
1008000,8.433,21.578,20.097,1.481,0.987
1009000,8.471,21.631,20.144,1.487,0.992
1010000,8.432,21.605,20.121,1.483,0.989
1011000,8.450,21.659,20.121,1.538,1.025
1012000,8.475,21.635,20.110,1.524,1.016
1013000,8.528,21.629,20.119,1.510,1.006
1014000,8.561,21.664,20.133,1.531,1.020
1015000,8.621,21.702,20.156,1.545,1.030
1016000,8.664,21.684,20.167,1.517,1.011
1017000,8.640,21.650,20.174,1.476,0.984
1018000,8.629,21.638,20.146,1.492,0.995
1019000,8.596,21.655,20.148,1.507,1.004
1020000,8.606,21.589,20.124,1.465,0.977
1021000,8.646,21.628,20.123,1.504,1.003
1022000,8.773,21.641,20.142,1.498,0.999
1023000,8.801,21.682,20.198,1.484,0.989
1024000,8.738,21.696,20.170,1.526,1.017
1025000,8.696,21.641,20.167,1.474,0.983
1026000,8.668,21.654,20.137,1.517,1.011
1027000,8.648,21.660,20.142,1.519,1.012
1028000,8.652,21.637,20.148,1.489,0.993
1029000,8.666,21.645,20.168,1.477,0.985
1030000,8.624,21.660,20.112,1.548,1.032
1031000,8.663,21.650,20.130,1.520,1.013
1032000,8.670,21.694,20.178,1.517,1.011
1033000,8.633,21.752,20.210,1.542,1.028
1034000,8.603,21.680,20.167,1.513,1.009
1035000,8.606,21.722,20.188,1.534,1.023
1036000,8.621,21.689,20.149,1.540,1.026
1037000,8.587,21.657,20.147,1.511,1.007
1038000,8.603,21.580,20.103,1.477,0.985
1039000,8.568,21.588,20.103,1.485,0.990
1040000,8.588,21.643,20.131,1.511,1.007
1041000,8.599,21.595,20.104,1.492,0.994
1042000,8.556,21.646,20.150,1.496,0.998
1043000,8.599,21.625,20.131,1.494,0.996
1044000,8.545,21.637,20.141,1.496,0.997
1045000,8.491,21.657,20.115,1.542,1.028
1046000,8.540,21.616,20.126,1.490,0.993
1047000,8.569,21.618,20.144,1.474,0.983
1048000,8.546,21.656,20.145,1.511,1.007
1049000,8.525,21.650,20.129,1.521,1.014
1050000,8.520,21.642,20.139,1.502,1.001
1051000,8.605,21.633,20.137,1.496,0.997
1052000,8.579,21.658,20.154,1.504,1.003
1053000,8.578,21.690,20.170,1.520,1.013
1054000,8.552,21.648,20.134,1.515,1.010
1055000,8.599,21.641,20.140,1.501,1.001
1056000,8.702,21.698,20.196,1.502,1.001
1057000,8.633,21.727,20.203,1.524,1.016
1058000,8.590,21.634,20.083,1.551,1.034
1059000,8.591,21.614,20.113,1.501,1.001
1060000,8.546,21.592,20.093,1.498,0.999
1061000,8.476,21.593,20.109,1.484,0.989
1062000,8.511,21.623,20.107,1.516,1.011
1063000,8.515,21.667,20.166,1.501,1.001
1064000,8.491,21.591,20.064,1.527,1.018
1065000,8.533,21.648,20.145,1.503,1.002
1066000,8.518,21.649,20.128,1.521,1.014
1067000,8.533,21.628,20.134,1.495,0.996
1068000,8.539,21.620,20.132,1.488,0.992
1069000,8.584,21.619,20.135,1.484,0.990
1070000,8.569,21.589,20.126,1.463,0.976
1071000,8.601,21.581,20.131,1.450,0.967
1072000,8.595,21.646,20.168,1.478,0.985
1073000,8.537,21.571,20.086,1.486,0.990
1074000,8.553,21.585,20.110,1.475,0.983
1075000,8.521,21.629,20.147,1.482,0.988
1076000,8.532,21.632,20.118,1.515,1.010
1077000,8.551,21.613,20.112,1.501,1.001
1078000,8.589,21.647,20.152,1.495,0.997
1079000,8.637,21.664,20.145,1.518,1.012
1080000,8.592,21.662,20.178,1.484,0.989
1081000,8.654,21.631,20.141,1.490,0.993
1082000,8.665,21.632,20.161,1.471,0.981
1083000,8.631,21.582,20.103,1.480,0.987
1084000,8.646,21.607,20.133,1.473,0.982
1085000,8.697,21.677,20.160,1.517,1.011
